%YAML:1.0
calib_x_0-0: 822.
calib_y_0-0: 540.
calib_x_0-1: 930.
calib_y_0-1: 478.
calib_x_0-2: 1009.
calib_y_0-2: 446.
calib_x_0-3: 1134.
calib_y_0-3: 440.
calib_x_0-4: 960.
calib_y_0-4: 540.
calib_x_0-5: 960.
calib_y_0-5: 540.
calib_x_0-6: 960.
calib_y_0-6: 540.
calib_x_0-7: 960.
calib_y_0-7: 540.
calib_x_0-8: 960.
calib_y_0-8: 540.
calib_x_0-9: 960.
calib_y_0-9: 540.
calib_x_0-10: 960.
calib_y_0-10: 540.
calib_x_0-11: 960.
calib_y_0-11: 540.
calib_x_0-12: 960.
calib_y_0-12: 540.
calib_x_0-13: 960.
calib_y_0-13: 540.
calib_x_0-14: 960.
calib_y_0-14: 540.
calib_x_0-15: 960.
calib_y_0-15: 540.
calib_x_1-0: 513.
calib_y_1-0: 360.
calib_x_1-1: 753.
calib_y_1-1: 360.
calib_x_1-2: 682.
calib_y_1-2: 292.
calib_x_1-3: 734.
calib_y_1-3: 558.
calib_x_1-4: 960.
calib_y_1-4: 540.
calib_x_1-5: 960.
calib_y_1-5: 540.
calib_x_1-6: 960.
calib_y_1-6: 540.
calib_x_1-7: 960.
calib_y_1-7: 540.
calib_x_1-8: 960.
calib_y_1-8: 540.
calib_x_1-9: 960.
calib_y_1-9: 540.
calib_x_1-10: 960.
calib_y_1-10: 540.
calib_x_1-11: 960.
calib_y_1-11: 540.
calib_x_1-12: 960.
calib_y_1-12: 540.
calib_x_1-13: 960.
calib_y_1-13: 540.
calib_x_1-14: 960.
calib_y_1-14: 540.
calib_x_1-15: 960.
calib_y_1-15: 540.
calib_x_2-0: 960.
calib_y_2-0: 540.
calib_x_2-1: 960.
calib_y_2-1: 540.
calib_x_2-2: 960.
calib_y_2-2: 540.
calib_x_2-3: 960.
calib_y_2-3: 540.
calib_x_2-4: 960.
calib_y_2-4: 540.
calib_x_2-5: 960.
calib_y_2-5: 540.
calib_x_2-6: 960.
calib_y_2-6: 540.
calib_x_2-7: 960.
calib_y_2-7: 540.
calib_x_2-8: 960.
calib_y_2-8: 540.
calib_x_2-9: 960.
calib_y_2-9: 540.
calib_x_2-10: 960.
calib_y_2-10: 540.
calib_x_2-11: 960.
calib_y_2-11: 540.
calib_x_2-12: 960.
calib_y_2-12: 540.
calib_x_2-13: 960.
calib_y_2-13: 540.
calib_x_2-14: 960.
calib_y_2-14: 540.
calib_x_2-15: 960.
calib_y_2-15: 540.
calib_x_3-0: 960.
calib_y_3-0: 540.
calib_x_3-1: 960.
calib_y_3-1: 540.
calib_x_3-2: 960.
calib_y_3-2: 540.
calib_x_3-3: 960.
calib_y_3-3: 540.
calib_x_3-4: 960.
calib_y_3-4: 540.
calib_x_3-5: 960.
calib_y_3-5: 540.
calib_x_3-6: 960.
calib_y_3-6: 540.
calib_x_3-7: 960.
calib_y_3-7: 540.
calib_x_3-8: 960.
calib_y_3-8: 540.
calib_x_3-9: 960.
calib_y_3-9: 540.
calib_x_3-10: 960.
calib_y_3-10: 540.
calib_x_3-11: 960.
calib_y_3-11: 540.
calib_x_3-12: 960.
calib_y_3-12: 540.
calib_x_3-13: 960.
calib_y_3-13: 540.
calib_x_3-14: 960.
calib_y_3-14: 540.
calib_x_3-15: 960.
calib_y_3-15: 540.
